{
 "cells": [
  {
   "cell_type": "markdown",
   "id": "d7cee7a4-f958-490c-b5dc-3ab8c412cb9f",
   "metadata": {},
   "source": [
    "Cole (2024), \"Are there too many traits in our selection indices?\"\n",
    "=\n",
    "This notebook is used to compute the correlated response to selection of 24 traits and composites for selection on each of 11 USDA selection indices. It does several things:\n",
    "* Genetic and phenotypic correlation matrices provided by USDA-AGIL are converted into (co)variance matrices\n",
    "* All economic values are convert to 2019 dollars (the index weights are invariant to these adjustments but it makes comparisons meaningful)\n",
    "* Correlated responses are computed and trends over time are visualized."
   ]
  },
  {
   "cell_type": "markdown",
   "id": "accessory-kazakhstan",
   "metadata": {},
   "source": [
    "Genetic and phenotypic correlations provided by USDA-AGIL: https://www.ars.usda.gov/arsuserfiles/80420530/publications/arr/nm8%20supplemental%20table_correlations_2021.txt."
   ]
  },
  {
   "cell_type": "code",
   "execution_count": 537,
   "id": "designing-feelings",
   "metadata": {
    "is_executing": true
   },
   "outputs": [],
   "source": [
    "import pandas as pd\n",
    "import numpy as np\n",
    "import seaborn as sns"
   ]
  },
  {
   "cell_type": "code",
   "execution_count": 538,
   "id": "grand-vintage",
   "metadata": {},
   "outputs": [],
   "source": [
    "np.set_printoptions(edgeitems=3)\n",
    "np.set_printoptions(linewidth=180)"
   ]
  },
  {
   "cell_type": "code",
   "execution_count": 539,
   "id": "frequent-pledge",
   "metadata": {},
   "outputs": [
    {
     "data": {
      "text/plain": [
       "(24, 24)"
      ]
     },
     "execution_count": 539,
     "metadata": {},
     "output_type": "execute_result"
    }
   ],
   "source": [
    "#Trait     1      2      3      4      5      6      7      8      9     10     11     12     13     14     15     16     17     18     19     20     21     22     23     24\n",
    "#         MILK   FAT    PROT   PL     SCS    BWC    UDC    FLC    DPR    CA$    HCR    CCR    LIV    GL     HTH$   RFI    MFEV   DA     KET    MAS    MET    RPL    EFC    HLV\n",
    "genCORR = np.array([\n",
    "        [ 1.000,  0.399,  0.835,  0.113,  0.179, -0.131,  0.042, -0.100, -0.342,  0.089, -0.138, -0.219, -0.191, -0.235, -0.032, -0.008,  0.027,  0.104,  0.107, -0.209,  0.089, -0.065,  0.276,  0.194],\n",
    "        [ 0.399,  1.000,  0.591,  0.090,  0.080, -0.115,  0.056, -0.025, -0.245,  0.205, -0.044, -0.123, -0.116, -0.198,  0.134, -0.020,  0.089,  0.194,  0.279, -0.106,  0.230,  0.014,  0.178,  0.194],\n",
    "        [ 0.835,  0.591,  1.000,  0.128,  0.168, -0.100, -0.006, -0.121, -0.307,  0.133, -0.153, -0.176, -0.179, -0.267,  0.036, -0.005,  0.077,  0.145,  0.277, -0.194,  0.166, -0.075,  0.329,  0.169],\n",
    "        [ 0.113,  0.090,  0.128,  1.000, -0.456, -0.221, -0.001, -0.008,  0.544,  0.363,  0.305,  0.629,  0.728, -0.136,  0.661, -0.078,  0.119,  0.498,  0.459,  0.496,  0.407,  0.218,  0.270,  0.398],\n",
    "        [ 0.179,  0.080,  0.168, -0.456,  1.000, -0.192, -0.021,  0.016, -0.313, -0.066, -0.145, -0.299, -0.285, -0.073, -0.550, -0.124, -0.085, -0.164, -0.228, -0.725, -0.193, -0.187, -0.053, -0.182],\n",
    "        [-0.131, -0.115, -0.100, -0.221, -0.192,  1.000,  0.098,  0.177, -0.024, -0.125, -0.097, -0.085, -0.207,  0.081,  0.002,  0.143,  0.080, -0.142,  0.016,  0.124, -0.030, -0.010, -0.024,  0.048],\n",
    "        [ 0.042,  0.056, -0.006, -0.001, -0.021,  0.098,  1.000,  0.398, -0.195, -0.008,  0.010, -0.138, -0.286,  0.029,  0.044, -0.018,  0.118,  0.015,  0.143,  0.046,  0.010, -0.043, -0.175,  0.134],\n",
    "        [-0.100, -0.025, -0.121, -0.008,  0.016,  0.177,  0.398,  1.000, -0.141,  0.003,  0.028, -0.157, -0.107,  0.062, -0.010, -0.105,  0.054,  0.052,  0.009,  0.035, -0.106, -0.067, -0.142,  0.071],\n",
    "        [-0.342, -0.245, -0.307,  0.544, -0.313, -0.024, -0.195, -0.141,  1.000,  0.264,  0.514,  0.930,  0.485,  0.041,  0.342,  0.088,  0.004,  0.119,  0.154,  0.303,  0.270,  0.221,  0.293,  0.128],\n",
    "        [ 0.089,  0.205,  0.133,  0.363, -0.066, -0.125, -0.008,  0.003,  0.264,  1.000,  0.176,  0.329,  0.198, -0.250,  0.249, -0.091,  0.103,  0.196,  0.222,  0.076,  0.284,  0.061,  0.211,  0.264],\n",
    "        [-0.138, -0.044, -0.153,  0.305, -0.145, -0.097,  0.010,  0.028,  0.514,  0.176,  1.000,  0.599,  0.187,  0.163,  0.194,  0.016, -0.035,  0.120,  0.088,  0.163,  0.117,  0.122,  0.328,  0.165],\n",
    "        [-0.219, -0.123, -0.176,  0.629, -0.299, -0.085, -0.138, -0.157,  0.930,  0.329,  0.599,  1.000,  0.488, -0.008,  0.411,  0.041,  0.030,  0.202,  0.224,  0.313,  0.334,  0.237,  0.299,  0.223],\n",
    "        [-0.191, -0.116, -0.179,  0.728, -0.285, -0.207, -0.286, -0.107,  0.485,  0.198,  0.187,  0.488,  1.000, -0.049,  0.494, -0.069,  0.036,  0.429,  0.226,  0.384,  0.253,  0.200,  0.137,  0.202],\n",
    "        [-0.235, -0.198, -0.267, -0.136, -0.073,  0.081,  0.029,  0.062,  0.041, -0.250,  0.163, -0.008, -0.049,  1.000, -0.121,  0.026, -0.083, -0.153, -0.196,  0.016, -0.158,  0.066, -0.265, -0.140],\n",
    "        [-0.032,  0.134,  0.036,  0.661, -0.550,  0.002,  0.044, -0.010,  0.342,  0.249,  0.194,  0.411,  0.494, -0.121,  1.000,  0.032,  0.243,  0.690,  0.625,  0.676,  0.731,  0.497,  0.147,  0.300],\n",
    "        [-0.008, -0.020, -0.005, -0.078, -0.124,  0.143, -0.018, -0.105,  0.088, -0.091,  0.016,  0.041, -0.069,  0.026,  0.032,  1.000,  0.052, -0.094,  0.000,  0.070,  0.056,  0.073,  0.008, -0.046],\n",
    "        [ 0.027,  0.089,  0.077,  0.119, -0.085,  0.080,  0.118,  0.054,  0.004,  0.103, -0.035,  0.030,  0.036, -0.083,  0.243,  0.052,  1.000,  0.239,  0.294,  0.044,  0.212,  0.061, -0.061, -0.053],\n",
    "        [ 0.104,  0.194,  0.145,  0.498, -0.164, -0.142,  0.015,  0.052,  0.119,  0.196,  0.120,  0.202,  0.429, -0.153,  0.690, -0.094,  0.239,  1.000,  0.587,  0.200,  0.396,  0.137,  0.157,  0.179],\n",
    "        [ 0.107,  0.279,  0.277,  0.459, -0.228,  0.016,  0.143,  0.009,  0.154,  0.222,  0.088,  0.224,  0.226, -0.196,  0.625,  0.000,  0.294,  0.587,  1.000,  0.187,  0.515,  0.179,  0.130,  0.200],\n",
    "        [-0.209, -0.106, -0.194,  0.496, -0.725,  0.124,  0.046,  0.035,  0.303,  0.076,  0.163,  0.313,  0.384,  0.016,  0.676,  0.070,  0.044,  0.200,  0.187,  1.000,  0.148,  0.135,  0.077,  0.287],\n",
    "        [ 0.089,  0.230,  0.166,  0.407, -0.193, -0.030,  0.010, -0.106,  0.270,  0.284,  0.117,  0.334,  0.253, -0.158,  0.731,  0.056,  0.212,  0.396,  0.515,  0.148,  1.000,  0.637,  0.124,  0.166],\n",
    "        [-0.065,  0.014, -0.075,  0.218, -0.187, -0.010, -0.043, -0.067,  0.221,  0.061,  0.122,  0.237,  0.200,  0.066,  0.497,  0.073,  0.061,  0.137,  0.179,  0.135,  0.637,  1.000, -0.067,  0.064],\n",
    "        [ 0.276,  0.178,  0.329,  0.270, -0.053, -0.024, -0.175, -0.142,  0.293,  0.211,  0.328,  0.299,  0.137, -0.265,  0.147,  0.008, -0.061,  0.157,  0.130,  0.077,  0.124, -0.067,  1.000,  0.329],\n",
    "        [ 0.194,  0.194,  0.169,  0.398, -0.182,  0.048,  0.134,  0.071,  0.128,  0.264,  0.165,  0.223,  0.202, -0.140,  0.300, -0.046, -0.053,  0.179,  0.200,  0.287,  0.166,  0.064,  0.329,  1.000],\n",
    "])\n",
    "genCORR.shape"
   ]
  },
  {
   "cell_type": "code",
   "execution_count": 540,
   "id": "annoying-houston",
   "metadata": {},
   "outputs": [
    {
     "data": {
      "text/plain": [
       "(24, 24)"
      ]
     },
     "execution_count": 540,
     "metadata": {},
     "output_type": "execute_result"
    }
   ],
   "source": [
    "phenCORR = np.array([\n",
    "        [ 1.000,  0.619,  0.901,  0.175, -0.159, -0.066,  0.006, -0.040, -0.094,  0.079, -0.004, -0.044, -0.027, -0.229,  0.030,  0.000, -0.006,  0.030,  0.013,  0.036,  0.029,  0.016,  0.009,  0.020],\n",
    "        [ 0.619,  1.000,  0.723,  0.144, -0.167, -0.045, -0.014, -0.014, -0.075,  0.065, -0.005, -0.041, -0.019, -0.154,  0.101,  0.000,  0.002,  0.029,  0.016,  0.051,  0.027,  0.029,  0.011,  0.010],\n",
    "        [ 0.901,  0.723,  1.000,  0.179, -0.148, -0.055, -0.022, -0.035, -0.078,  0.102, -0.007, -0.035, -0.022, -0.240,  0.103,  0.000, -0.007,  0.034,  0.028,  0.042,  0.029,  0.017,  0.012,  0.015],\n",
    "        [ 0.175,  0.144,  0.179,  1.000, -0.163, -0.041, -0.000, -0.001,  0.102,  0.056,  0.037,  0.142,  0.222, -0.083,  0.215,  0.000,  0.008,  0.058,  0.073,  0.122,  0.065,  0.038,  0.063,  0.008],\n",
    "        [-0.159, -0.167, -0.148, -0.163,  1.000,  0.005, -0.014, -0.010, -0.019, -0.040, -0.001, -0.026,  0.013, -0.004, -0.212,  0.000, -0.005, -0.011, -0.021, -0.206, -0.013, -0.005,  0.008, -0.010],\n",
    "        [-0.066, -0.045, -0.055, -0.041,  0.005,  1.000,  0.103,  0.171, -0.009, -0.125, -0.017, -0.013, -0.010,  0.108, -0.121,  0.000,  0.001, -0.012, -0.009, -0.008, -0.008, -0.006, -0.012, -0.003],\n",
    "        [ 0.006, -0.014, -0.022, -0.000, -0.014,  0.103,  1.000,  0.399, -0.031, -0.057, -0.004, -0.020, -0.012,  0.019, -0.111,  0.000, -0.005, -0.012, -0.004,  0.003, -0.008, -0.010, -0.019,  0.025],\n",
    "        [-0.040, -0.014, -0.035, -0.001, -0.010,  0.171,  0.399,  1.000, -0.013, -0.045, -0.003, -0.013, -0.007,  0.104, -0.059,  0.000, -0.003, -0.008,  0.005, -0.003, -0.005,  0.001, -0.012,  0.009],\n",
    "        [-0.094, -0.075, -0.078,  0.102, -0.019, -0.009, -0.031, -0.013,  1.000,  0.067,  0.064,  0.792, -0.075, -0.009,  0.120,  0.000,  0.005,  0.021,  0.025,  0.014,  0.035,  0.029,  0.041, -0.006],\n",
    "        [ 0.079,  0.065,  0.102,  0.056, -0.040, -0.125, -0.057, -0.045,  0.067,  1.000,  0.023,  0.052,  0.006, -0.242,  0.310,  0.000, -0.002,  0.017,  0.009,  0.007,  0.011, -0.000,  0.035,  0.014],\n",
    "        [-0.004, -0.005, -0.007,  0.037, -0.001, -0.017, -0.004, -0.003,  0.064,  0.023,  1.000,  0.047, -0.014, -0.048,  0.052,  0.000,  0.004, -0.002, -0.005, -0.001,  0.009,  0.008,  0.489,  0.001],\n",
    "        [-0.044, -0.041, -0.035,  0.142, -0.026, -0.013, -0.020, -0.013,  0.792,  0.052,  0.047,  1.000, -0.073, -0.004,  0.107,  0.000,  0.003,  0.018,  0.023,  0.026,  0.041,  0.035,  0.016, -0.002],\n",
    "        [-0.027, -0.019, -0.022,  0.222,  0.013, -0.010, -0.012, -0.007, -0.075,  0.006, -0.014, -0.073,  1.000, -0.017,  0.053,  0.000, -0.001,  0.021,  0.024,  0.009,  0.007,  0.005, -0.015, -0.001],\n",
    "        [-0.229, -0.154, -0.240, -0.083, -0.004,  0.108,  0.019,  0.104, -0.009, -0.242, -0.048, -0.004, -0.017,  1.000, -0.169,  0.000, -0.006, -0.031, -0.029,  0.005, -0.023,  0.008, -0.148, -0.031],\n",
    "        [ 0.030,  0.101,  0.103,  0.215, -0.212, -0.121, -0.111, -0.059,  0.120,  0.310,  0.052,  0.107,  0.053, -0.169,  1.000,  0.000,  0.036,  0.174,  0.100,  0.223,  0.157,  0.079,  0.085,  0.002],\n",
    "        [ 0.000,  0.000,  0.000,  0.000,  0.000,  0.000,  0.000,  0.000,  0.000,  0.000,  0.000,  0.000,  0.000,  0.000,  0.000,  1.000,  0.000,  0.000,  0.000,  0.000,  0.000,  0.000,  0.000,  0.000],\n",
    "        [-0.006,  0.002, -0.007,  0.008, -0.005,  0.001, -0.005, -0.003,  0.005, -0.002,  0.004,  0.003, -0.001, -0.006,  0.036,  0.000,  1.000,  0.021,  0.093,  0.024,  0.081,  0.073, -0.003, -0.004],\n",
    "        [ 0.030,  0.029,  0.034,  0.058, -0.011, -0.012, -0.012, -0.008,  0.021,  0.017, -0.002,  0.018,  0.021, -0.031,  0.174,  0.000,  0.021,  1.000,  0.218,  0.019,  0.092,  0.068, -0.006, -0.025],\n",
    "        [ 0.013,  0.016,  0.028,  0.073, -0.021, -0.009, -0.004,  0.005,  0.025,  0.009, -0.005,  0.023,  0.024, -0.029,  0.100,  0.000,  0.093,  0.218,  1.000,  0.036,  0.161,  0.105, -0.018, -0.012],\n",
    "        [ 0.036,  0.051,  0.042,  0.122, -0.206, -0.008,  0.003, -0.003,  0.014,  0.007, -0.001,  0.026,  0.009,  0.005,  0.223,  0.000,  0.024,  0.019,  0.036,  1.000,  0.044,  0.023, -0.007, -0.007],\n",
    "        [ 0.029,  0.027,  0.029,  0.065, -0.013, -0.008, -0.008, -0.005,  0.035,  0.011,  0.009,  0.041,  0.007, -0.023,  0.157,  0.000,  0.081,  0.092,  0.161,  0.044,  1.000,  0.255, -0.002, -0.008],\n",
    "        [ 0.016,  0.029,  0.017,  0.038, -0.005, -0.006, -0.010,  0.001,  0.029, -0.000,  0.008,  0.035,  0.005,  0.008,  0.079,  0.000,  0.073,  0.068,  0.105,  0.023,  0.255,  1.000, -0.001,  0.006],\n",
    "        [ 0.009,  0.011,  0.012,  0.063,  0.008, -0.012, -0.019, -0.012,  0.041,  0.035,  0.489,  0.016, -0.015, -0.148,  0.085,  0.000, -0.003, -0.006, -0.018, -0.007, -0.002, -0.001,  1.000,  0.000],\n",
    "        [ 0.020,  0.010,  0.015,  0.008, -0.010, -0.003,  0.025,  0.009, -0.006,  0.014,  0.001, -0.002, -0.001, -0.031,  0.002,  0.000, -0.004, -0.025, -0.012, -0.007, -0.008,  0.006,  0.000,  1.000],\n",
    "])\n",
    "phenCORR.shape"
   ]
  },
  {
   "cell_type": "markdown",
   "id": "viral-uzbekistan",
   "metadata": {},
   "source": [
    "Use SD of TTA to approximate genetic SD\n",
    "---\n",
    "Note that I multiply by 2 to go from a PTA basis to an EBV basis."
   ]
  },
  {
   "cell_type": "code",
   "execution_count": 541,
   "id": "pharmaceutical-operations",
   "metadata": {},
   "outputs": [],
   "source": [
    "genSD = 2. * np.array([\n",
    "    [713.88],\n",
    "    [26.45],\n",
    "    [18.49],\n",
    "    [2.25],\n",
    "    [0.20],\n",
    "    [1.06],\n",
    "    [0.84],\n",
    "    [0.91],\n",
    "    [2.31],\n",
    "    [14.00],\n",
    "    [2.38],\n",
    "    [2.78],\n",
    "    [2.22],\n",
    "    [1.43],\n",
    "    [8.50],\n",
    "    [209.00],\n",
    "    [0.20],\n",
    "    [0.50],\n",
    "    [0.50],\n",
    "    [1.70],\n",
    "    [0.80],\n",
    "    [0.40],\n",
    "    [2.75],\n",
    "    [0.80],\n",
    "])"
   ]
  },
  {
   "cell_type": "markdown",
   "id": "later-quick",
   "metadata": {},
   "source": [
    "Backsolve for genetic (co)variance matrix from genetic correlations and SD\n",
    "---"
   ]
  },
  {
   "cell_type": "code",
   "execution_count": 542,
   "id": "molecular-rogers",
   "metadata": {},
   "outputs": [],
   "source": [
    "heritabilities = np.array([\n",
    "    [0.20],\n",
    "    [0.20],\n",
    "    [0.20],\n",
    "    [0.08],\n",
    "    [0.12],\n",
    "    [0.40],\n",
    "    [0.27],\n",
    "    [0.15],\n",
    "    [0.04],\n",
    "    [0.07],\n",
    "    [0.01],\n",
    "    [0.02],\n",
    "    [0.013],\n",
    "    [0.11],\n",
    "    [0.01],\n",
    "    [0.14],\n",
    "    [0.006],\n",
    "    [0.011],\n",
    "    [0.012],\n",
    "    [0.031],\n",
    "    [0.014],\n",
    "    [0.010],\n",
    "    [0.027],\n",
    "    [0.007],\n",
    "])"
   ]
  },
  {
   "cell_type": "code",
   "execution_count": 543,
   "id": "understanding-coverage",
   "metadata": {},
   "outputs": [],
   "source": [
    "#Trait     1      2      3      4      5      6      7      8      9     10     11     12     13     14     15     16     17     18     19     20     21     22     23     24\n",
    "#         MILK   FAT    PROT   PL     SCS    BWC    UDC    FLC    DPR    CA$    HCR    CCR    LIV    GL     HTH$   RFI    MFEV   DA     KET    MAS    MET    RPL    EFC    HLV\n",
    "# Index trait names to their row/column in the \"master\" correlation matrices because we'll\n",
    "# need to extract submatrices later, and it's too difficult to keep it all in my head.\n",
    "tidx = {'MILK': 0, 'FAT': 1,  'PROT': 2,  'PL': 3,    'SCS': 4,   'BWC': 5, 'UDC': 6,  'FLC': 7,  'DPR': 8,   'CA$': 9,   'HCR': 10,  'CCR': 11, 'LIV': 12, 'GL': 13,  'HTH$': 14,\n",
    "        'RFI': 15, 'MFEV': 16, 'DA': 17, 'KET': 18, 'MAS': 19, 'MET': 20,  'RPL': 21,  'EFC': 22,  'HLV': 23}"
   ]
  },
  {
   "cell_type": "markdown",
   "id": "blond-cedar",
   "metadata": {},
   "source": [
    "It'e easy to get too clever here by half. So, before we do anything else, we're going to convert the full 24-by-24 correlation matrices to (co)variance matrices. Only after that's done will we worry about subsetting and rearranging to get P, G, and C that are properly dimensioned."
   ]
  },
  {
   "cell_type": "code",
   "execution_count": 544,
   "id": "interpreted-royal",
   "metadata": {},
   "outputs": [
    {
     "name": "stdout",
     "output_type": "stream",
     "text": [
      "[[ 2.03849862e+06  3.01358731e+04  4.40868016e+04  7.26015960e+02  1.02227616e+02 -3.96517507e+02  1.00742746e+02 -2.59852320e+02]\n",
      " [ 3.01358731e+04  2.79841000e+03  1.15613902e+03  2.14245000e+01  1.69280000e+00 -1.28970200e+01  4.97683200e+00 -2.40695000e+00]\n",
      " [ 4.40868016e+04  1.15613902e+03  1.36752040e+03  2.13004800e+01  2.48505600e+00 -7.83976000e+00 -3.72758400e-01 -8.14373560e+00]\n",
      " [ 7.26015960e+02  2.14245000e+01  2.13004800e+01  2.02500000e+01 -8.20800000e-01 -2.10834000e+00 -7.56000000e-03 -6.55200000e-02]\n",
      " [ 1.02227616e+02  1.69280000e+00  2.48505600e+00 -8.20800000e-01  1.60000000e-01 -1.62816000e-01 -1.41120000e-02  1.16480000e-02]\n",
      " [-3.96517507e+02 -1.28970200e+01 -7.83976000e+00 -2.10834000e+00 -1.62816000e-01  4.49440000e+00  3.49036800e-01  6.82936800e-01]\n",
      " [ 1.00742746e+02  4.97683200e+00 -3.72758400e-01 -7.56000000e-03 -1.41120000e-02  3.49036800e-01  2.82240000e+00  1.21692480e+00]\n",
      " [-2.59852320e+02 -2.40695000e+00 -8.14373560e+00 -6.55200000e-02  1.16480000e-02  6.82936800e-01  1.21692480e+00  3.31240000e+00]]\n"
     ]
    }
   ],
   "source": [
    "genCOV = np.multiply(genSD.T*genSD, genCORR)\n",
    "print(genCOV[0:8, 0:8])"
   ]
  },
  {
   "cell_type": "markdown",
   "id": "acquired-denmark",
   "metadata": {},
   "source": [
    "Things are a little trickier for the phenotypic (co)variance matrix because we have to use the square roots of the heritabilities to expand the genetic SD to phenotypic SD."
   ]
  },
  {
   "cell_type": "code",
   "execution_count": 545,
   "id": "weird-violence",
   "metadata": {},
   "outputs": [
    {
     "name": "stdout",
     "output_type": "stream",
     "text": [
      "[[ 1.01924931e+07  2.33760720e+05  2.37857534e+05  8.88885418e+03 -5.86147214e+02 -7.06301313e+02  6.19325359e+01 -6.00103228e+02]\n",
      " [ 2.33760720e+05  1.39920500e+04  7.07181483e+03  2.71000871e+02 -2.28100645e+01 -1.78426375e+01 -5.35421874e+00 -7.78205809e+00]\n",
      " [ 2.37857534e+05  7.07181483e+03  6.83760200e+03  2.35489995e+02 -1.41313285e+01 -1.52447555e+01 -5.88168808e+00 -1.36002131e+01]\n",
      " [ 8.88885418e+03  2.71000871e+02  2.35489995e+02  2.53125000e+02 -2.99450121e+00 -2.18653907e+00 -0.00000000e+00 -7.47641291e-02]\n",
      " [-5.86147214e+02 -2.28100645e+01 -1.41313285e+01 -2.99450121e+00  1.33333333e+00  1.93528637e-02 -5.22666667e-02 -5.42619163e-02]\n",
      " [-7.06301313e+02 -1.78426375e+01 -1.52447555e+01 -2.18653907e+00  1.93528637e-02  1.12360000e+01  1.11627318e+00  2.69356670e+00]\n",
      " [ 6.19325359e+01 -5.35421874e+00 -5.88168808e+00 -0.00000000e+00 -5.22666667e-02  1.11627318e+00  1.04533333e+01  6.06214128e+00]\n",
      " [-6.00103228e+02 -7.78205809e+00 -1.36002131e+01 -7.47641291e-02 -5.42619163e-02  2.69356670e+00  6.06214128e+00  2.20826667e+01]]\n"
     ]
    }
   ],
   "source": [
    "phenSD = genSD / np.sqrt(heritabilities)\n",
    "phenCOV = np.multiply(phenSD.T*phenSD, phenCORR)\n",
    "print(phenCOV[0:8, 0:8])"
   ]
  },
  {
   "cell_type": "code",
   "execution_count": 546,
   "id": "358ff464-4199-42af-8cc3-157f7cd0aee5",
   "metadata": {},
   "outputs": [
    {
     "name": "stdout",
     "output_type": "stream",
     "text": [
      "[[3.19256842e+03]\n",
      " [1.18287996e+02]\n",
      " [8.26897938e+01]\n",
      " [1.59099026e+01]\n",
      " [1.15470054e+00]\n",
      " [3.35201432e+00]\n",
      " [3.23316151e+00]\n",
      " [4.69921979e+00]\n",
      " [2.31000000e+01]\n",
      " [1.05830052e+02]\n",
      " [4.76000000e+01]\n",
      " [3.93151370e+01]\n",
      " [3.89413761e+01]\n",
      " [8.62322445e+00]\n",
      " [1.70000000e+02]\n",
      " [1.11715199e+03]\n",
      " [5.16397779e+00]\n",
      " [9.53462589e+00]\n",
      " [9.12870929e+00]\n",
      " [1.93107024e+01]\n",
      " [1.35224681e+01]\n",
      " [8.00000000e+00]\n",
      " [3.34719341e+01]\n",
      " [1.91236577e+01]]\n"
     ]
    }
   ],
   "source": [
    "print(phenSD)"
   ]
  },
  {
   "cell_type": "markdown",
   "id": "looking-motel",
   "metadata": {},
   "source": [
    "$P$ is a 17-by-17 matrix of phenotypic (co)variances for traits in the selection index"
   ]
  },
  {
   "cell_type": "code",
   "execution_count": 547,
   "id": "dynamic-quantum",
   "metadata": {},
   "outputs": [
    {
     "name": "stdout",
     "output_type": "stream",
     "text": [
      "[[ 1.01924931e+07  2.33760720e+05  2.37857534e+05  8.88885418e+03 -5.86147214e+02 -7.06301313e+02  6.19325359e+01 -6.00103228e+02 -6.93234306e+03]\n",
      " [ 2.33760720e+05  1.39920500e+04  7.07181483e+03  2.71000871e+02 -2.28100645e+01 -1.78426375e+01 -5.35421874e+00 -7.78205809e+00 -2.04933953e+02]\n",
      " [ 2.37857534e+05  7.07181483e+03  6.83760200e+03  2.35489995e+02 -1.41313285e+01 -1.52447555e+01 -5.88168808e+00 -1.36002131e+01 -1.48990470e+02]\n",
      " [ 8.88885418e+03  2.71000871e+02  2.35489995e+02  2.53125000e+02 -2.99450121e+00 -2.18653907e+00 -0.00000000e+00 -7.47641291e-02  3.74869125e+01]\n",
      " [-5.86147214e+02 -2.28100645e+01 -1.41313285e+01 -2.99450121e+00  1.33333333e+00  1.93528637e-02 -5.22666667e-02 -5.42619163e-02 -5.06798066e-01]\n",
      " [-7.06301313e+02 -1.78426375e+01 -1.52447555e+01 -2.18653907e+00  1.93528637e-02  1.12360000e+01  1.11627318e+00  2.69356670e+00 -6.96883777e-01]\n",
      " [ 6.19325359e+01 -5.35421874e+00 -5.88168808e+00 -0.00000000e+00 -5.22666667e-02  1.11627318e+00  1.04533333e+01  6.06214128e+00 -2.31526696e+00]\n",
      " [-6.00103228e+02 -7.78205809e+00 -1.36002131e+01 -7.47641291e-02 -5.42619163e-02  2.69356670e+00  6.06214128e+00  2.20826667e+01 -1.41117570e+00]\n",
      " [-6.93234306e+03 -2.04933953e+02 -1.48990470e+02  3.74869125e+01 -5.06798066e-01 -6.96883777e-01 -2.31526696e+00 -1.41117570e+00  5.33610000e+02]]\n"
     ]
    }
   ],
   "source": [
    "P = np.zeros((17, 17))\n",
    "P[0:13, 0:13]    = phenCOV[0:13, 0:13]      # M, F, P, PL, SCS, BWC, UDC, FLC, DPR, CA$, HCR, CCR, LIV\n",
    "P[0:13, 13:15]   = phenCOV[0:13, 14:16]\n",
    "P[13:15, 0:13]   = phenCOV[14:16, 0:13]\n",
    "P[13, 13]        = phenCOV[14, 14]          # HTH$\n",
    "P[14, 14]        = phenCOV[15, 15]          # RFI\n",
    "P[13, 14]        = phenCOV[14, 15]\n",
    "P[14, 13]        = phenCOV[15, 14]\n",
    "P[0:13, 15:17]   = phenCOV[0:13, 22:24]\n",
    "P[15:17, 0:13]   = phenCOV[22:24, 0:13]\n",
    "P[13:15, 15:17]  = phenCOV[14:16, 22:24]    # EFC, HLV\n",
    "P[15:17, 13:15]  = phenCOV[22:24, 14:16]\n",
    "P[15:17, 15:17]  = phenCOV[22:24, 22:24]\n",
    "print(P[0:9, 0:9])"
   ]
  },
  {
   "cell_type": "markdown",
   "id": "double-welding",
   "metadata": {},
   "source": [
    "$G$ is a 17-by-24 matrix of genetic (co)variances of the traits in the index with the traits to be improved."
   ]
  },
  {
   "cell_type": "code",
   "execution_count": 548,
   "id": "united-tulsa",
   "metadata": {
    "scrolled": true
   },
   "outputs": [
    {
     "name": "stdout",
     "output_type": "stream",
     "text": [
      "[[ 2.03849862e+06  3.01358731e+04  4.40868016e+04  7.26015960e+02  1.02227616e+02 -3.96517507e+02  1.00742746e+02 -2.59852320e+02 -2.25591791e+03]\n",
      " [ 3.01358731e+04  2.79841000e+03  1.15613902e+03  2.14245000e+01  1.69280000e+00 -1.28970200e+01  4.97683200e+00 -2.40695000e+00 -5.98775100e+01]\n",
      " [ 4.40868016e+04  1.15613902e+03  1.36752040e+03  2.13004800e+01  2.48505600e+00 -7.83976000e+00 -3.72758400e-01 -8.14373560e+00 -5.24502132e+01]\n",
      " [ 7.26015960e+02  2.14245000e+01  2.13004800e+01  2.02500000e+01 -8.20800000e-01 -2.10834000e+00 -7.56000000e-03 -6.55200000e-02  1.13097600e+01]\n",
      " [ 1.02227616e+02  1.69280000e+00  2.48505600e+00 -8.20800000e-01  1.60000000e-01 -1.62816000e-01 -1.41120000e-02  1.16480000e-02 -5.78424000e-01]\n",
      " [-3.96517507e+02 -1.28970200e+01 -7.83976000e+00 -2.10834000e+00 -1.62816000e-01  4.49440000e+00  3.49036800e-01  6.82936800e-01 -2.35065600e-01]\n",
      " [ 1.00742746e+02  4.97683200e+00 -3.72758400e-01 -7.56000000e-03 -1.41120000e-02  3.49036800e-01  2.82240000e+00  1.21692480e+00 -1.51351200e+00]\n",
      " [-2.59852320e+02 -2.40695000e+00 -8.14373560e+00 -6.55200000e-02  1.16480000e-02  6.82936800e-01  1.21692480e+00  3.31240000e+00 -1.18558440e+00]\n",
      " [-2.25591791e+03 -5.98775100e+01 -5.24502132e+01  1.13097600e+01 -5.78424000e-01 -2.35065600e-01 -1.51351200e+00 -1.18558440e+00  2.13444000e+01]]\n"
     ]
    }
   ],
   "source": [
    "G = np.zeros((17, 24))\n",
    "G[0:13, :]  = genCOV[0:13, :]    # M F P ... LIV\n",
    "G[13:15, :] = genCOV[14:16, :]   # HTH$ and RFI\n",
    "G[15:17, :] = genCOV[22:24, :]   # EFC and HLIV\n",
    "print(G[0:9, 0:9])"
   ]
  },
  {
   "cell_type": "markdown",
   "id": "fitting-substitute",
   "metadata": {},
   "source": [
    "$C$ is a 24-by-24 genetic (co)variance matrix for the traits to be improved"
   ]
  },
  {
   "cell_type": "code",
   "execution_count": 549,
   "id": "valid-average",
   "metadata": {},
   "outputs": [
    {
     "name": "stdout",
     "output_type": "stream",
     "text": [
      "[[ 2.03849862e+06  3.01358731e+04  4.40868016e+04  7.26015960e+02  1.02227616e+02 -3.96517507e+02  1.00742746e+02 -2.59852320e+02]\n",
      " [ 3.01358731e+04  2.79841000e+03  1.15613902e+03  2.14245000e+01  1.69280000e+00 -1.28970200e+01  4.97683200e+00 -2.40695000e+00]\n",
      " [ 4.40868016e+04  1.15613902e+03  1.36752040e+03  2.13004800e+01  2.48505600e+00 -7.83976000e+00 -3.72758400e-01 -8.14373560e+00]\n",
      " [ 7.26015960e+02  2.14245000e+01  2.13004800e+01  2.02500000e+01 -8.20800000e-01 -2.10834000e+00 -7.56000000e-03 -6.55200000e-02]\n",
      " [ 1.02227616e+02  1.69280000e+00  2.48505600e+00 -8.20800000e-01  1.60000000e-01 -1.62816000e-01 -1.41120000e-02  1.16480000e-02]\n",
      " [-3.96517507e+02 -1.28970200e+01 -7.83976000e+00 -2.10834000e+00 -1.62816000e-01  4.49440000e+00  3.49036800e-01  6.82936800e-01]\n",
      " [ 1.00742746e+02  4.97683200e+00 -3.72758400e-01 -7.56000000e-03 -1.41120000e-02  3.49036800e-01  2.82240000e+00  1.21692480e+00]\n",
      " [-2.59852320e+02 -2.40695000e+00 -8.14373560e+00 -6.55200000e-02  1.16480000e-02  6.82936800e-01  1.21692480e+00  3.31240000e+00]]\n"
     ]
    }
   ],
   "source": [
    "C = genCOV\n",
    "print(C[0:8, 0:8])"
   ]
  },
  {
   "cell_type": "markdown",
   "id": "aggressive-jacob",
   "metadata": {},
   "source": [
    "Gstar is a 17-by-17 genetic (co)variance matrix for the traits in the index."
   ]
  },
  {
   "cell_type": "code",
   "execution_count": 550,
   "id": "apparent-castle",
   "metadata": {},
   "outputs": [
    {
     "name": "stdout",
     "output_type": "stream",
     "text": [
      "[[ 2.03849862e+06  3.01358731e+04  4.40868016e+04  7.26015960e+02  1.02227616e+02 -3.96517507e+02  1.00742746e+02 -2.59852320e+02 -2.25591791e+03]\n",
      " [ 3.01358731e+04  2.79841000e+03  1.15613902e+03  2.14245000e+01  1.69280000e+00 -1.28970200e+01  4.97683200e+00 -2.40695000e+00 -5.98775100e+01]\n",
      " [ 4.40868016e+04  1.15613902e+03  1.36752040e+03  2.13004800e+01  2.48505600e+00 -7.83976000e+00 -3.72758400e-01 -8.14373560e+00 -5.24502132e+01]\n",
      " [ 7.26015960e+02  2.14245000e+01  2.13004800e+01  2.02500000e+01 -8.20800000e-01 -2.10834000e+00 -7.56000000e-03 -6.55200000e-02  1.13097600e+01]\n",
      " [ 1.02227616e+02  1.69280000e+00  2.48505600e+00 -8.20800000e-01  1.60000000e-01 -1.62816000e-01 -1.41120000e-02  1.16480000e-02 -5.78424000e-01]\n",
      " [-3.96517507e+02 -1.28970200e+01 -7.83976000e+00 -2.10834000e+00 -1.62816000e-01  4.49440000e+00  3.49036800e-01  6.82936800e-01 -2.35065600e-01]\n",
      " [ 1.00742746e+02  4.97683200e+00 -3.72758400e-01 -7.56000000e-03 -1.41120000e-02  3.49036800e-01  2.82240000e+00  1.21692480e+00 -1.51351200e+00]\n",
      " [-2.59852320e+02 -2.40695000e+00 -8.14373560e+00 -6.55200000e-02  1.16480000e-02  6.82936800e-01  1.21692480e+00  3.31240000e+00 -1.18558440e+00]\n",
      " [-2.25591791e+03 -5.98775100e+01 -5.24502132e+01  1.13097600e+01 -5.78424000e-01 -2.35065600e-01 -1.51351200e+00 -1.18558440e+00  2.13444000e+01]]\n"
     ]
    }
   ],
   "source": [
    "Gstar = np.zeros((17, 17))\n",
    "Gstar[0:13, 0:13]    = genCOV[0:13, 0:13]\n",
    "Gstar[0:13, 13:15]   = genCOV[0:13, 14:16]\n",
    "Gstar[13:15, 0:13]   = genCOV[14:16, 0:13]\n",
    "Gstar[13, 13]        = genCOV[14, 14]\n",
    "Gstar[14, 14]        = genCOV[15, 15]\n",
    "Gstar[13, 14]        = genCOV[14, 15]\n",
    "Gstar[14, 13]        = genCOV[15, 14]\n",
    "Gstar[0:13, 15:17]   = genCOV[0:13, 22:24]\n",
    "Gstar[15:17, 0:13]   = genCOV[22:24, 0:13]\n",
    "Gstar[13:15, 15:17]  = genCOV[14:16, 22:24]\n",
    "Gstar[15:17, 13:15]  = genCOV[22:24, 14:16]\n",
    "Gstar[15:17, 15:17]  = genCOV[22:24, 22:24]\n",
    "print(Gstar[0:9, 0:9])"
   ]
  },
  {
   "cell_type": "code",
   "execution_count": 551,
   "id": "ruled-island",
   "metadata": {},
   "outputs": [
    {
     "name": "stdout",
     "output_type": "stream",
     "text": [
      "[[ 1.     0.399  0.835  0.113  0.179 -0.131  0.042 -0.1   -0.342]\n",
      " [ 0.399  1.     0.591  0.09   0.08  -0.115  0.056 -0.025 -0.245]\n",
      " [ 0.835  0.591  1.     0.128  0.168 -0.1   -0.006 -0.121 -0.307]\n",
      " [ 0.113  0.09   0.128  1.    -0.456 -0.221 -0.001 -0.008  0.544]\n",
      " [ 0.179  0.08   0.168 -0.456  1.    -0.192 -0.021  0.016 -0.313]\n",
      " [-0.131 -0.115 -0.1   -0.221 -0.192  1.     0.098  0.177 -0.024]\n",
      " [ 0.042  0.056 -0.006 -0.001 -0.021  0.098  1.     0.398 -0.195]\n",
      " [-0.1   -0.025 -0.121 -0.008  0.016  0.177  0.398  1.    -0.141]\n",
      " [-0.342 -0.245 -0.307  0.544 -0.313 -0.024 -0.195 -0.141  1.   ]]\n"
     ]
    }
   ],
   "source": [
    "GCORRstar = np.zeros((17, 17))\n",
    "GCORRstar[0:13, 0:13]    = genCORR[0:13, 0:13]\n",
    "GCORRstar[0:13, 13:15]   = genCORR[0:13, 14:16]\n",
    "GCORRstar[13:15, 0:13]   = genCORR[14:16, 0:13]\n",
    "GCORRstar[13, 13]        = genCORR[14, 14]\n",
    "GCORRstar[14, 14]        = genCORR[15, 15]\n",
    "GCORRstar[13, 14]        = genCORR[14, 15]\n",
    "GCORRstar[14, 13]        = genCORR[15, 14]\n",
    "GCORRstar[0:13, 15:17]   = genCORR[0:13, 22:24]\n",
    "GCORRstar[15:17, 0:13]   = genCORR[22:24, 0:13]\n",
    "GCORRstar[13:15, 15:17]  = genCORR[14:16, 22:24]\n",
    "GCORRstar[15:17, 13:15]  = genCORR[22:24, 14:16]\n",
    "GCORRstar[15:17, 15:17]  = genCORR[22:24, 22:24]\n",
    "np.save('genetic_correlation_matrix.npy', GCORRstar)\n",
    "print(GCORRstar[0:9, 0:9])"
   ]
  },
  {
   "cell_type": "code",
   "execution_count": 552,
   "id": "346dcd6d-f6c2-41d4-8a0f-b8898a667a1e",
   "metadata": {},
   "outputs": [],
   "source": [
    "ch4_genCORR = np.zeros((14, 14))\n",
    "ch4_phenCORR = np.zeros((14, 14))"
   ]
  },
  {
   "cell_type": "markdown",
   "id": "numerous-closure",
   "metadata": {},
   "source": [
    "I want the correlated response to selection of traits in $y$, including the traits not in the index:\n",
    "\n",
    "$$CR=i\\times\\frac{b^\\intercal G}{\\sqrt{b^\\intercal{Pb}}}$$\n",
    "\n",
    "where i = selection differential, and the other variables are defined as above. I used a value for i of 0.35\n",
    "for comparability with 2021 Net Merit.\n",
    "\n",
    "For each historical index, I:\n",
    "1. Find the economic values for the traits in that index\n",
    "2. Adjust the values to 2019 dollars, using these values: https://liberalarts.oregonstate.edu/spp/polisci/research/inflation-conversion-factors-convert-dollars-1774-estimated-2024-dollars-recent-year,\n",
    "       local copy saved as \"Copy of infcf17742018.xlsx\")\n",
    "3. Construct G from values in gen\n",
    "4. Construct b from the economic values gathered in Step 1 and adjusted in Step 2\n",
    "5. Construct a from the economic values currently used on NM$\n",
    "6. Construct C from the values in gen\n",
    "7. Construct P from the values in phen\n",
    "8. Solve for CR"
   ]
  },
  {
   "cell_type": "markdown",
   "id": "comparative-colony",
   "metadata": {},
   "source": [
    "2021 Lifetime Net Merit\n",
    "===\n",
    "Source: P.M. VanRaden et al. 2021. Net merit as a measure of lifetime profit: 2021 revision. https://www.ars.usda.gov/ARSUserFiles/80420530/Publications/ARR/nmcalc-2021_ARR-NM8.pdf.\n",
    "\n",
    "$$NM_{2021} = 0.002(PTA_{Milk} + 4.18(PTA_{fat}) + 4.67(PTA_{protein}) + 34(PTA_{PL}) − 74(PTA_{SCS} − 3.00) − 45(PTA_{body weight composite}) + 19(PTA_{udder composite}) + 3(PTA_{feet-legs composite}) + 11(PTA_{DPR}) + 1(PTA_{calving ability dollars}) + 1.1(PTA_{HCR}) + 2.2(PTA_{CCR}) + 9.8(PTA_{LIV}) + 1(PTA_{HTH\\$}) - 0.30(PTA_{RFI}) + 2.1(PTA_{EFC}) + 5.0(PTA_{HLIV}).$$"
   ]
  },
  {
   "cell_type": "code",
   "execution_count": 553,
   "id": "ahead-williams",
   "metadata": {},
   "outputs": [
    {
     "data": {
      "text/plain": [
       "array([[ 2.00e-03,  4.18e+00,  4.67e+00,  3.40e+01, -7.40e+01, -4.50e+01,  1.90e+01,  3.00e+00,  1.10e+01,  1.00e+00,  1.10e+00,  2.20e+00,  9.80e+00,  1.00e+00, -3.00e-01,\n",
       "         2.10e+00,  5.00e+00]])"
      ]
     },
     "execution_count": 553,
     "metadata": {},
     "output_type": "execute_result"
    }
   ],
   "source": [
    "# Economic values adjusted to 2017 values using CPI-U-X1 CF 2017$).\n",
    "# I changed the equation above and the order of traits in b to match the order used in the (co)variance\n",
    "# matrices.\n",
    "b_2021 = np.array([ [0.002], [4.18], [4.67], [34.00], [-74.00], [-45.00], [19.00], [3.00], [11.00], [1.00],\n",
    "                    [1.10], [2.20], [9.80], [1.00], [-0.30], [2.10], [5.00] ])\n",
    "#b_2021 = b_2021 / 1.092\n",
    "b_2021.T"
   ]
  },
  {
   "cell_type": "code",
   "execution_count": 554,
   "id": "equivalent-saturday",
   "metadata": {},
   "outputs": [
    {
     "data": {
      "text/plain": [
       "(17, 17)"
      ]
     },
     "execution_count": 554,
     "metadata": {},
     "output_type": "execute_result"
    }
   ],
   "source": [
    "P.shape"
   ]
  },
  {
   "cell_type": "code",
   "execution_count": 555,
   "id": "hungry-illustration",
   "metadata": {},
   "outputs": [
    {
     "data": {
      "text/plain": [
       "(17, 24)"
      ]
     },
     "execution_count": 555,
     "metadata": {},
     "output_type": "execute_result"
    }
   ],
   "source": [
    "G.shape"
   ]
  },
  {
   "cell_type": "code",
   "execution_count": 556,
   "id": "regional-kitchen",
   "metadata": {},
   "outputs": [
    {
     "data": {
      "text/plain": [
       "(1, 24)"
      ]
     },
     "execution_count": 556,
     "metadata": {},
     "output_type": "execute_result"
    }
   ],
   "source": [
    "# Now we need to multiply through to get the correlated response to selection on the index for all traits in the\n",
    "# selection objective (aggregate genotype).\n",
    "CR_2021 = np.linalg.multi_dot( [ b_2021.T, G ] ) / \\\n",
    "          np.sqrt(\n",
    "                np.linalg.multi_dot( [b_2021.T, P, b_2021] )\n",
    "                )\n",
    "CR_2021.shape"
   ]
  },
  {
   "cell_type": "markdown",
   "id": "560cc646-998f-45c9-ab7e-349606857866",
   "metadata": {},
   "source": [
    "## for k, v in tidx.items():\n",
    "    print('{0}\\t{1}'.format(k, CR_2021[0,v]))"
   ]
  },
  {
   "cell_type": "code",
   "execution_count": 557,
   "id": "three-monte",
   "metadata": {},
   "outputs": [],
   "source": [
    "# Create an empty dataframe\n",
    "responses = pd.DataFrame()"
   ]
  },
  {
   "cell_type": "code",
   "execution_count": 558,
   "id": "regional-novel",
   "metadata": {},
   "outputs": [
    {
     "data": {
      "text/html": [
       "<div>\n",
       "<style scoped>\n",
       "    .dataframe tbody tr th:only-of-type {\n",
       "        vertical-align: middle;\n",
       "    }\n",
       "\n",
       "    .dataframe tbody tr th {\n",
       "        vertical-align: top;\n",
       "    }\n",
       "\n",
       "    .dataframe thead th {\n",
       "        text-align: right;\n",
       "    }\n",
       "</style>\n",
       "<table border=\"1\" class=\"dataframe\">\n",
       "  <thead>\n",
       "    <tr style=\"text-align: right;\">\n",
       "      <th></th>\n",
       "      <th>trait</th>\n",
       "      <th>year</th>\n",
       "      <th>response</th>\n",
       "    </tr>\n",
       "  </thead>\n",
       "  <tbody>\n",
       "    <tr>\n",
       "      <th>0</th>\n",
       "      <td>MILK</td>\n",
       "      <td>2021</td>\n",
       "      <td>250.539258</td>\n",
       "    </tr>\n",
       "    <tr>\n",
       "      <th>1</th>\n",
       "      <td>FAT</td>\n",
       "      <td>2021</td>\n",
       "      <td>13.322546</td>\n",
       "    </tr>\n",
       "    <tr>\n",
       "      <th>2</th>\n",
       "      <td>PROT</td>\n",
       "      <td>2021</td>\n",
       "      <td>8.487930</td>\n",
       "    </tr>\n",
       "    <tr>\n",
       "      <th>3</th>\n",
       "      <td>PL</td>\n",
       "      <td>2021</td>\n",
       "      <td>1.109139</td>\n",
       "    </tr>\n",
       "    <tr>\n",
       "      <th>4</th>\n",
       "      <td>SCS</td>\n",
       "      <td>2021</td>\n",
       "      <td>-0.019036</td>\n",
       "    </tr>\n",
       "  </tbody>\n",
       "</table>\n",
       "</div>"
      ],
      "text/plain": [
       "  trait  year    response\n",
       "0  MILK  2021  250.539258\n",
       "1   FAT  2021   13.322546\n",
       "2  PROT  2021    8.487930\n",
       "3    PL  2021    1.109139\n",
       "4   SCS  2021   -0.019036"
      ]
     },
     "execution_count": 558,
     "metadata": {},
     "output_type": "execute_result"
    }
   ],
   "source": [
    "responses['trait'] = tidx.keys()\n",
    "responses['year'] = 2021\n",
    "responses['response'] = CR_2021.T\n",
    "responses.head()"
   ]
  },
  {
   "cell_type": "code",
   "execution_count": 559,
   "id": "upper-fourth",
   "metadata": {},
   "outputs": [],
   "source": [
    "index_heritabilities = pd.DataFrame()"
   ]
  },
  {
   "cell_type": "markdown",
   "id": "respiratory-index",
   "metadata": {},
   "source": [
    "The heritability of each index, h_I^2, was calculated as (e.g., Lin and Allaire, 1977):\n",
    "\n",
    "$$h_{I}^{2} = \\frac{b'Gb}{b'Pb}$$"
   ]
  },
  {
   "cell_type": "code",
   "execution_count": 560,
   "id": "entertaining-nicholas",
   "metadata": {},
   "outputs": [
    {
     "name": "stdout",
     "output_type": "stream",
     "text": [
      "[[0.13408026]]\n"
     ]
    }
   ],
   "source": [
    "h2_2021 = np.linalg.multi_dot( [b_2021.T, Gstar, b_2021] ) / np.linalg.multi_dot( [b_2021.T, P, b_2021] )\n",
    "print(h2_2021)"
   ]
  },
  {
   "cell_type": "code",
   "execution_count": 561,
   "id": "enclosed-supplement",
   "metadata": {},
   "outputs": [
    {
     "data": {
      "text/html": [
       "<div>\n",
       "<style scoped>\n",
       "    .dataframe tbody tr th:only-of-type {\n",
       "        vertical-align: middle;\n",
       "    }\n",
       "\n",
       "    .dataframe tbody tr th {\n",
       "        vertical-align: top;\n",
       "    }\n",
       "\n",
       "    .dataframe thead th {\n",
       "        text-align: right;\n",
       "    }\n",
       "</style>\n",
       "<table border=\"1\" class=\"dataframe\">\n",
       "  <thead>\n",
       "    <tr style=\"text-align: right;\">\n",
       "      <th></th>\n",
       "      <th>year</th>\n",
       "      <th>heritability</th>\n",
       "    </tr>\n",
       "  </thead>\n",
       "  <tbody>\n",
       "    <tr>\n",
       "      <th>0</th>\n",
       "      <td>2021</td>\n",
       "      <td>0.13408</td>\n",
       "    </tr>\n",
